Test ERC721 deployment command:
   nile deploy ERC721 --network goerli 22032376373659469 22032376373659469 1486529712031020840639405026195312730009946709614678266731041796349964152927 81 104 116 116 112 115 58 47 47 103 97 116 101 119 97 121 46 112 105 110 97 116 97 46 99 108 111 117 100 47 105 112 102 115 47 81 109 86 105 106 118 50 70 90 84 120 65 112 110 78 84 53 98 80 56 67 85 53 100 102 114 78 87 51 54 115 50 57 120 74 86 106 99 107 107 115 110 54 115 55 51 10


    0x07b39aaa547cb72a9b1a32d9e037dfc3d6585d85deae99d2db5f97d2ad2b543a:artifacts/abis/ERC721.json


[104, 116, 116, 112,
                                                                                      115, 58, 47, 47, 103, 97, 116, 101, 119, 97, 121, 46, 112, 105, 110, 97, 116, 97, 46, 99, 108, 111,
                                                                                      117, 100, 47, 105, 112, 102, 115, 47, 81, 109, 86, 105, 106, 118, 50, 70, 90, 84, 120, 65, 112, 110,
                                                                                      78, 84, 53, 98, 80, 56, 67, 85, 53, 100, 102, 114, 78, 87, 51, 54, 115, 50, 57, 120, 74, 86, 106,
                                                                                      99, 107, 107, 115, 110, 54, 115, 55, 51, 10]